"DATE" "DOW_Open" "DOW_High" "DOW_Low" "DOW_Close" "DOW_Adj.Close" "DOW_Volume" "NETEXP" "unemployment" "oil" "gold" "cpi" "federal_funds_rate" "gdp" "consumer_confidence"
"1" "1980-12-01" 375.529999 378.890015 368.690002 373.440002 373.440002 217900000 NA 7.2 37 623.875 86.4 17.71 NA "64.5"
"2" "1981-01-01" 373.899994 390.100006 361.269989 370.380005 370.380005 955520000 -14.259 7.5 38 596.711904761905 87.2 22 6947.042 "71.4"
"3" "1981-02-01" 368.850006 375.980011 355.279999 370.029999 370.029999 816310000 NA 7.4 38 557.8125 88 17.25 NA "66.9"
"4" "1981-03-01" 369.51001 395.440002 367.040009 390.829987 390.829987 1174530000 NA 7.4 38 500.8 88.6 15.53 NA "66.5"
"5" "1981-04-01" 392.480011 397.549988 382.059998 384.390015 384.390015 1123470000 -13.508 7.2 38 499.693181818182 89.1 14.51 6895.559 "72.4"
"6" "1981-05-01" 384.160004 391.549988 369.359985 387.140015 387.140015 905430000 NA 7.5 38 496.625 89.7 19.79 NA "76.3"
"7" "1981-06-01" 388.640015 395.450012 375.820007 378.309998 378.309998 1100970000 NA 7.5 36 480.315789473684 90.5 19.01 NA "73.1"
"8" "1981-07-01" 377.589996 379.459991 360.149994 371.630005 371.630005 953970000 -7.561 7.2 36 460.5 91.5 21.09 6978.135 "74.1"
"9" "1981-08-01" 371.179993 377.320007 345.820007 346.890015 346.890015 920550000 NA 7.4 36 409.284090909091 92.2 17.46 NA "77.2"
"10" "1981-09-01" 346.230011 350.570007 313.179993 330.179993 330.179993 959140000 NA 7.6 36 410.24 93.1 17.52 NA "73.1"
"11" "1981-10-01" 329.440002 346.869995 326.829987 340.630005 340.630005 997560000 -14.75 7.9 35 443.772727272727 93.4 16.96 6902.105 "70.3"
"12" "1981-11-01" 343.480011 358.899994 337.359985 357.359985 357.359985 987920000 NA 8.3 36 437.679545454545 93.8 14.44 NA "62.5"
"13" "1981-12-01" 356.720001 360.369995 343.899994 347.799988 347.799988 959470000 NA 8.5 35 413.404761904762 94.1 13.03 NA "64.3"
"14" "1982-01-01" 348.220001 351.880005 322.640015 339.230011 339.230011 968340000 -16.276 8.6 33.85 410.119047619048 94.4 13.13 6794.878 "71.0"
"15" "1982-02-01" 335.890015 338.269989 315.450012 323.540009 323.540009 972190000 NA 8.9 31.56 384.1625 94.7 15.69 NA "66.5"
"16" "1982-03-01" 323.559998 330.459991 308.01001 322.73999 322.73999 1268690000 NA 9 28.48 374.4575 94.7 14.11 NA "62.0"
"17" "1982-04-01" 322.019989 342.309998 321.619995 333.609985 333.609985 1136490000 -4.386 9.3 33.45 329.977272727273 95 15.48 6825.876 "65.5"
"18" "1982-05-01" 332.329987 345.799988 317.809998 319.700012 319.700012 1026460000 NA 9.4 35.93 350.335 95.9 15.28 NA "67.5"
"19" "1982-06-01" 319.640015 322.73999 304.23999 316.640015 316.640015 1102140000 NA 9.6 35.07 334.505263157895 97 13.76 NA "65.7"
"20" "1982-07-01" 316.26001 324.160004 306.579987 310.559998 310.559998 1145190000 -29.647 9.8 34.16 314.961363636364 97.5 14.73 6799.781 "65.4"
"21" "1982-08-01" 311.910004 354 296.51001 350.73999 350.73999 1672770000 NA 9.8 33.95 337.895454545455 97.7 11.41 NA "65.4"
"22" "1982-09-01" 351.75 368.75 345.940002 349.700012 349.700012 1548040000 NA 10.1 35.63 363.413095238095 97.7 11.28 NA "69.3"
"23" "1982-10-01" 349.51001 411.559998 348.040009 389.029999 389.029999 2068560000 -29.587 10.4 35.68 438.15 98.1 10.87 6802.497 "73.4"
"24" "1982-11-01" 388.700012 421.890015 374.170013 404.880005 404.880005 1857040000 NA 10.8 34.15 422.785714285714 98 9.43 NA "72.1"
"25" "1982-12-01" 406.209991 420.619995 387.670013 409.149994 409.149994 1682080000 NA 10.8 31.72 415.113636363636 97.7 9.1 NA "71.9"
"26" "1983-01-01" 409.859985 434.429993 398.140015 421.980011 421.980011 1857600000 -24.548 10.4 31.19 444.77619047619 97.9 11.2 6892.144 "70.4"
"27" "1983-02-01" 422.230011 445.299988 412.48999 438.25 438.25 1615450000 NA 10.4 28.95 481.8375 98 8.63 NA "74.6"
"28" "1983-03-01" 440.059998 457.279999 437.350006 446.049988 446.049988 1901920000 NA 10.3 28.82 493.4875 98.1 8.65 NA "80.8"
"29" "1983-04-01" 445.100006 477.48999 436.079987 473.950012 473.950012 1792910000 -45.434 10.2 30.61 420.70652173913 98.8 9.12 7048.982 "89.1"
"30" "1983-05-01" 472.920013 488.51001 460.420013 472.609985 472.609985 1953130000 NA 10.1 30 433.171052631579 99.2 8.84 NA "93.3"
"31" "1983-06-01" 471.720001 499.690002 467.76001 489.070007 489.070007 1973860000 NA 10.1 31 437.3925 99.4 9.38 NA "92.2"
"32" "1983-07-01" 489.890015 501.799988 471.01001 476.019989 476.019989 1590170000 -65.2 9.4 31.66 413.147727272727 99.8 9.31 7189.896 "92.8"
"33" "1983-08-01" 473.600006 480.829987 457.480011 479.290009 479.290009 1706430000 NA 9.5 31.91 422.645238095238 100.1 9.64 NA "90.9"
"34" "1983-09-01" 479.290009 505.179993 473.929993 488.970001 488.970001 1739810000 NA 9.2 31.11 416.204545454545 100.4 9.61 NA "89.9"
"35" "1983-10-01" 486.329987 511.170013 482.709991 494.179993 494.179993 1794620000 -71.385 8.8 30.41 412.245454545455 100.8 10.59 7339.893 "89.3"
"36" "1983-11-01" 494.230011 518.380005 488.130005 510.769989 510.769989 1814610000 NA 8.5 29.84 394.245238095238 101.1 9.45 NA "91.1"
"37" "1983-12-01" 509.950012 514.549988 492.059998 502.940002 502.940002 1850620000 NA 8.3 29.24 381.015909090909 101.4 9.46 NA "94.2"
"38" "1984-01-01" 503.079987 517.289978 477.959991 483.459991 483.459991 2215660000 -95.004 8 29.69 388.06 102.1 9.92 7483.371 "100.1"
"39" "1984-02-01" 484.109985 486.549988 436.130005 454.970001 454.970001 1932810000 NA 7.8 30.145 370.734523809524 102.6 9.74 NA "97.4"
"40" "1984-03-01" 454.040009 470.480011 444.600006 456.649994 456.649994 1854920000 NA 7.8 30.761 386.038095238095 102.9 9.73 NA "101.0"
"41" "1984-04-01" 457.649994 460.579987 436.450012 453.940002 453.940002 1717530000 -104.301 7.7 30.618 394.743181818182 103.3 10.24 7612.668 "96.1"
"42" "1984-05-01" 453.98999 465.940002 420.839996 430.320007 430.320007 1939550000 NA 7.4 30.52 381.371052631579 103.5 11.04 NA "98.1"
"43" "1984-06-01" 432.179993 446.470001 421.279999 439.26001 439.26001 1812870000 NA 7.2 29.967 376.957142857143 103.7 10.53 NA "95.5"
"44" "1984-07-01" 439.290009 443.089996 417.130005 434.329987 434.329987 1662200000 -103.847 7.5 28.752 378.314285714286 104.1 10.85 7686.059 "96.6"
"45" "1984-08-01" 436.209991 485.309998 434.839996 473.98999 473.98999 2526920000 NA 7.5 29.25 347.606818181818 104.4 12.04 NA "99.1"
"46" "1984-09-01" 471.809998 484.880005 460.579987 474.040009 474.040009 1768660000 NA 7.3 29.311 347.677272727273 104.7 11.64 NA "100.9"
"47" "1984-10-01" 473.600006 496.73999 458.480011 478.73999 478.73999 2110230000 -107.756 7.4 28.765 340.945 105.1 11.38 7749.151 "96.3"
"48" "1984-11-01" 480.100006 493.25 468.420013 474.200012 474.200012 1757280000 NA 7.2 28.098 340.217391304348 105.3 10.26 NA "95.7"
"49" "1984-12-01" 473.679993 494.670013 459.299988 489.859985 489.859985 1.781e+09 NA 7.3 25.429 341.286363636364 105.5 8.92 NA "92.9"
"50" "1985-01-01" 489.26001 527.359985 478.029999 518.890015 518.890015 2673710000 -91.298 7.3 25.641 319.622222222222 105.7 8.74 7824.247 "96.0"
"51" "1985-02-01" 516.609985 533.099976 513.280029 523.469971 523.469971 2194620000 NA 7.2 27.271 302.852272727273 106.3 8.74 NA "93.7"
"52" "1985-03-01" 523.450012 532.559998 503.029999 515.109985 515.109985 2153090000 NA 7.2 28.238 300.3325 106.8 8.74 NA "93.7"
"53" "1985-04-01" 514.75 520.679993 501.679993 506.470001 506.470001 1981880000 -114.445 7.3 28.805 303.204761904762 107 8.83 7893.136 "94.6"
"54" "1985-05-01" 506.390015 543.900024 498.859985 541.570007 541.570007 2350340000 NA 7.2 27.623 324.8825 107.2 8.83 NA "91.8"
"55" "1985-06-01" 544.349976 554.340027 529.219971 551.369995 551.369995 2.117e+09 NA 7.4 27.143 316.395238095238 107.5 7.64 NA "96.5"
"56" "1985-07-01" 551.049988 571.669983 546.679993 556.700012 556.700012 2463070000 -116.895 7.4 27.329 316.2975 107.7 8.12 8013.674 "94.0"
"57" "1985-08-01" 558.210022 563.400024 539.109985 554.369995 554.369995 1923200000 NA 7.1 27.755 317.202173913043 107.9 8.26 NA "92.4"
"58" "1985-09-01" 553.700012 556.109985 527.26001 536.909973 536.909973 1860160000 NA 7.1 28.289 330.130952380952 108.1 7.8 NA "92.1"
"59" "1985-10-01" 537.070007 561.219971 534.119995 556.659973 556.659973 2543240000 -133.434 7.1 29.538 323.764285714286 108.5 8.26 8073.239 "88.4"
"60" "1985-11-01" 556.22998 594.159973 554.099976 589.219971 589.219971 2445370000 NA 7 30.813 326.09347826087 109 8.32 NA "90.9"
"61" "1985-12-01" 588.650024 626.049988 581.830017 616.530029 616.530029 2804380000 NA 7 27.228 325.547619047619 109.5 8.54 NA "93.9"
"62" "1986-01-01" 616.429993 638.72998 594.340027 632.5 632.5 2879010000 -126.014 6.7 22.945 321.985 109.9 13.46 8148.603 "95.6"
"63" "1986-02-01" 632.359985 688.590027 629.130005 679.609985 679.609985 2899100000 NA 7.2 15.442 345.561363636364 109.7 8.09 NA "95.9"
"64" "1986-03-01" 678.25 726.809998 662.299988 718.159973 718.159973 3214600000 NA 7.2 12.618 339.0525 109.1 7.95 NA "95.1"
"65" "1986-04-01" 718.969971 728.909973 672.48999 693.700012 693.700012 3240400000 -128.872 7.1 12.847 346.094736842105 108.7 7.49 8185.303 "96.2"
"66" "1986-05-01" 691.880005 731.030029 679.070007 722.690002 722.690002 2680240000 NA 7.2 15.444 340.715909090909 109 7.13 NA "94.8"
"67" "1986-06-01" 721.650024 732.450012 695.809998 726.97998 726.97998 2649600000 NA 7.2 13.469 342.325 109.4 6.84 NA "99.3"
"68" "1986-07-01" 726.109985 735.190002 674.619995 686.659973 686.659973 3029900000 -138.961 7 11.575 342.797619047619 109.5 6.97 8263.639 "97.7"
"69" "1986-08-01" 686.849976 744.559998 670.080017 736.340027 736.340027 2701900000 NA 6.9 15.092 348.554347826087 109.6 6.38 NA "94.9"
"70" "1986-09-01" 737.030029 748.859985 673.559998 703.460022 703.460022 3166300000 NA 7 14.913 376.29 110 5.77 NA "91.9"
"71" "1986-10-01" 707.320007 750.530029 702.369995 742.070007 742.070007 3016740000 -133.629 7 14.852 418.152272727273 110.2 5.99 8308.021 "95.6"
"72" "1986-11-01" 742.099976 758.869995 712.830017 754.710022 754.710022 2940830000 NA 6.9 15.207 423.863043478261 110.4 5.93 NA "91.4"
"73" "1986-12-01" 749.909973 774.580017 731.98999 736.849976 736.849976 3260870000 NA 6.6 16.076 396.9825 110.8 6.38 NA "89.1"
"74" "1987-01-01" 738.22998 844.809998 736.929993 822.169983 822.169983 4040880000 -141.234 6.6 18.656 391.595238095238 111.4 14.35 8369.93 "90.4"
"75" "1987-02-01" 820.590027 868.26001 816.400024 849.219971 849.219971 3485300000 NA 6.6 17.726 408.52380952381 111.8 6.28 NA "90.2"
"76" "1987-03-01" 850.710022 895.960022 836.47998 859.539978 859.539978 3965100000 NA 6.6 18.305 401.045 112.2 6.02 NA "90.8"
"77" "1987-04-01" 849.659973 901.619995 814.460022 849.47998 849.47998 3931700000 -146.977 6.3 18.643 408.847727272727 112.7 6.22 8460.233 "92.8"
"78" "1987-05-01" 848.049988 888.400024 822.080017 862.390015 862.390015 3417700000 NA 6.3 19.415 439.665 113 7.67 NA "91.1"
"79" "1987-06-01" 867.320007 924.390015 848.98999 907.73999 907.73999 3.595e+09 NA 6.2 20.034 461.65 113.5 6.74 NA "91.5"
"80" "1987-07-01" 904.349976 957.640015 897.340027 951.280029 951.280029 3966400000 -145.464 6.1 21.355 449.277272727273 113.8 6.07 8533.635 "93.7"
"81" "1987-08-01" 943.460022 1000.210022 934.73999 970.059998 970.059998 4062400000 NA 6 20.274 450.330434782609 114.3 6.75 NA "94.4"
"82" "1987-09-01" 971.059998 980.880005 900.719971 946.359985 946.359985 3723200000 NA 5.9 19.526 460.9875 114.7 6.84 NA "93.6"
"83" "1987-10-01" 949.25 970.059998 612.01001 732.22998 732.22998 6094500000 -145.405 6 19.848 460.120454545455 115 7.71 8680.162 "89.3"
"84" "1987-11-01" 730.159973 753.880005 661.840027 678.400024 678.400024 3589520000 NA 5.8 18.92 465.763636363636 115.4 6.62 NA "83.1"
"85" "1987-12-01" 686.840027 742.349976 641.299988 714.27002 714.27002 3926750000 NA 5.7 17.241 468.140476190476 115.6 7.04 NA "86.8"
"86" "1988-01-01" 718.289978 761.309998 690.320007 731.400024 731.400024 3494700000 -123.987 5.7 17.16 487.078571428571 116 6.89 8725.006 "90.8"
"87" "1988-02-01" 734.809998 775.090027 705.76001 769.76001 769.76001 3693240000 NA 5.7 16.765 477.7575 116.2 6.96 NA "91.6"
"88" "1988-03-01" 770.27002 791.719971 737.75 750.869995 750.869995 4052970000 NA 5.7 16.217 442.12380952381 116.5 6.66 NA "94.6"
"89" "1988-04-01" 749.849976 789.23999 733.830017 754.940002 754.940002 3260760000 -106.627 5.4 17.875 443.491304347826 117.2 6.7 8839.641 "91.2"
"90" "1988-05-01" 755.119995 769.400024 713.299988 754.280029 754.280029 3231370000 NA 5.6 17.438 451.557894736842 117.5 6.98 NA "94.8"
"91" "1988-06-01" 753.820007 807.52002 750.039978 801.580017 801.580017 4306710000 NA 5.4 16.53 451.32 118 7.24 NA "94.7"
"92" "1988-07-01" 802.450012 810.02002 762.900024 794.390015 794.390015 3338470000 -99.263 5.4 15.498 451.656818181818 118.5 7.75 8891.435 "93.4"
"93" "1988-08-01" 793.450012 803.700012 742.580017 761.049988 761.049988 3327470000 NA 5.6 15.524 437.452380952381 119 7.91 NA "97.4"
"94" "1988-09-01" 757.869995 806.200012 745.690002 795.450012 795.450012 3059450000 NA 5.4 14.467 431.063636363636 119.5 8.27 NA "97.3"
"95" "1988-10-01" 794.919983 826.02002 786.289978 811.419983 811.419983 3415160000 -107.694 5.4 13.798 413.438636363636 119.9 8.54 9009.913 "94.1"
"96" "1988-11-01" 810.200012 825.460022 771.169983 805.580017 805.580017 2822820000 NA 5.3 13.977 406.390476190476 120.3 8.35 NA "93.0"
"97" "1988-12-01" 804.210022 834.5 792.48999 825.940002 825.940002 2844900000 NA 5.3 16.266 419.965909090909 120.7 8.54 NA "91.9"
"98" "1989-01-01" 823.859985 894.26001 810.619995 891.119995 891.119995 3532220000 -100.965 5.4 17.983 419.2475 121.2 9.04 9101.508 "97.9"
"99" "1989-02-01" 889.210022 903.02002 856.219971 862.890015 862.890015 3216280000 NA 5.2 17.826 404.445238095238 121.6 9.02 NA "95.4"
"100" "1989-03-01" 865.609985 890.559998 844.72998 873.580017 873.580017 3504530000 NA 5 19.445 387.9725 122.2 9.82 NA "94.3"
"101" "1989-04-01" 874.210022 931.849976 868.619995 926.059998 926.059998 3237250000 -88.16 5.2 21.04 390.27380952381 123.1 9.79 9170.977 "91.5"
"102" "1989-05-01" 920.859985 961.669983 903.47998 946.630005 946.630005 3747320000 NA 5.2 20.032 384.72 123.7 9.85 NA "90.7"
"103" "1989-06-01" 945.650024 981.809998 931.299988 943.859985 943.859985 3966590000 NA 5.3 20.005 371.35 124.1 9.84 NA "90.6"
"104" "1989-07-01" 946.090027 1033.640015 941.429993 1030.800049 1030.800049 3249030000 -75.075 5.2 19.644 367.727272727273 124.5 9.63 9238.923 "92.0"
"105" "1989-08-01" 1032.400024 1113.400024 1012.5 1099.920044 1099.920044 3949100000 NA 5.2 18.522 375.209523809524 124.5 8.95 NA "89.6"
"106" "1989-09-01" 1101.170044 1116.609985 1052.589966 1075.459961 1075.459961 3035020000 NA 5.3 19.594 365.547727272727 124.8 8.93 NA "95.8"
"107" "1989-10-01" 1075.079956 1120.98999 971.900024 1007.789978 1007.789978 4012670000 -82.765 5.3 20.091 361.797619047619 125.4 9.24 9257.128 "93.9"
"108" "1989-11-01" 1006.570007 1021.570007 982.429993 1016.369995 1016.369995 3032160000 NA 5.4 19.82 366.8 125.9 8.98 NA "90.9"
"109" "1989-12-01" 1018.859985 1052.579956 998.090027 1035.099976 1035.099976 3213420000 NA 5.4 21.088 394.361363636364 126.3 8.51 NA "90.5"
"110" "1990-01-01" 1033.22998 1061.829956 932.320007 959.539978 959.539978 3793250000 -88.536 5.4 22.641 409.655263157895 127.5 7.97 9358.289 "93.0"
"111" "1990-02-01" 960.5 995.369995 947.26001 986.070007 986.070007 2961970000 NA 5.3 22.108 410.118181818182 128 8.25 NA "89.5"
"112" "1990-03-01" 984.099976 1031.069946 977.640015 1012.099976 1012.099976 3283280000 NA 5.2 20.418 416.5425 128.6 8.3 NA "91.3"
"113" "1990-04-01" 1004.169983 1034.589966 968.200012 979.700012 979.700012 2801220000 -68.833 5.4 18.582 393.661363636364 128.9 8.3 9392.251 "93.9"
"114" "1990-05-01" 983 1049.469971 976.950012 1040.160034 1040.160034 3596680000 NA 5.4 18.237 374.928947368421 129.1 8.11 NA "90.6"
"115" "1990-06-01" 1046.469971 1073.819946 1012.909973 1031.069946 1031.069946 3226280000 NA 5.2 16.871 368.854761904762 129.9 8.28 NA "88.3"
"116" "1990-07-01" 1031.119995 1071.890015 1004.809998 1022.77002 1022.77002 3370320000 -74.953 5.5 18.638 352.657142857143 130.5 8.32 9398.499 "88.2"
"117" "1990-08-01" 1020.340027 1032.719971 855.48999 903.789978 903.789978 4014260000 NA 5.7 27.174 361.820454545455 131.6 8.07 NA "76.4"
"118" "1990-09-01" 896.23999 926.099976 831.940002 858.140015 858.140015 2685400000 NA 5.9 33.687 394.861363636364 132.5 8.06 NA "72.8"
"119" "1990-10-01" 865.549988 906.659973 830.619995 862.530029 862.530029 3670600000 -79.096 5.9 35.922 389.56 133.4 8.25 9312.937 "63.9"
"120" "1990-11-01" 862.820007 904.179993 852.059998 892.780029 892.780029 3148240000 NA 6.2 32.3 381.332608695652 133.7 8.06 NA "66.0"
"121" "1990-12-01" 898.289978 936.349976 888.789978 920.609985 920.609985 3116710000 NA 6.3 27.337 381.865909090909 134.2 7.61 NA "65.5"
"122" "1991-01-01" 918.51001 987.01001 869.419983 981.47998 981.47998 3659100000 -47.14 6.4 24.959 378.160526315789 134.7 5.53 9269.367 "66.8"
"123" "1991-02-01" 981.049988 1050.310059 966.570007 1031.359985 1031.359985 4297640000 NA 6.6 20.523 384.590909090909 134.8 6.3 NA "70.4"
"124" "1991-03-01" 1025.390015 1072.380005 1002.599976 1034.969971 1034.969971 3926860000 NA 6.8 19.86 363.7475 134.8 6.35 NA "87.7"
"125" "1991-04-01" 1031.689941 1080.75 1017.650024 1033.52002 1033.52002 4015890000 -23.188 6.7 20.823 363.39 135.1 6.48 9341.642 "81.8"
"126" "1991-05-01" 1036.790039 1091.349976 1018.099976 1085.76001 1085.76001 3747420000 NA 6.9 21.24 358.054761904762 135.6 5.9 NA "78.3"
"127" "1991-06-01" 1083.98999 1098.540039 1019.01001 1030.420044 1030.420044 3243080000 NA 6.9 20.195 357.116666666667 136 5.92 NA "82.1"
"128" "1991-07-01" 1036.73999 1081.390015 1032.150024 1075.800049 1075.800049 3466100000 -21.074 6.8 21.42 366.36 136.2 6.38 9388.845 "82.9"
"129" "1991-08-01" 1075.209961 1090.73999 1010.909973 1082.060059 1082.060059 3749110000 NA 6.9 21.688 368.013043478261 136.6 5.86 NA "82.0"
"130" "1991-09-01" 1081.380005 1089.920044 1049.660034 1074.930054 1074.930054 3241630000 NA 6.9 21.857 356.721428571429 137 5.5 NA "83.0"
"131" "1991-10-01" 1077.150024 1118.349976 1050.060059 1110.219971 1110.219971 4066550000 -23.053 7 23.228 348.459523809524 137.2 5.4 9421.565 "78.3"
"132" "1991-11-01" 1110.920044 1120.660034 1038.369995 1048.900024 1048.900024 3719190000 NA 7 22.465 358.826086956522 137.8 5.03 NA "69.1"
"133" "1991-12-01" 1040.640015 1167.02002 1030.199951 1156.819946 1156.819946 4149620000 NA 7.3 19.517 359.959523809524 138.2 4.86 NA "68.2"
"134" "1992-01-01" 1149.890015 1199.47998 1135.390015 1155.52002 1155.52002 5245040000 -20.536 7.3 18.82 361.875 138.3 4.09 9534.346 "67.5"
"135" "1992-02-01" 1154.369995 1202.02002 1144.26001 1179.439941 1179.439941 4243890000 NA 7.4 18.995 354.436363636364 138.6 4.4 NA "68.8"
"136" "1992-03-01" 1179.719971 1200.959961 1146.75 1161.800049 1161.800049 4047510000 NA 7.4 18.916 353.8525 139.1 4.13 NA "76.0"
"137" "1992-04-01" 1155.97998 1203.410034 1113.180054 1188.589966 1188.589966 4302390000 -32.788 7.4 20.243 344.640909090909 139.4 4.98 9637.732 "77.2"
"138" "1992-05-01" 1188.219971 1213.930054 1173.439941 1197.089966 1197.089966 3626030000 NA 7.6 20.94 338.7275 139.7 3.75 NA "79.2"
"139" "1992-06-01" 1195.22998 1209.089966 1138.709961 1165.369995 1165.369995 4209090000 NA 7.8 22.375 337.039473684211 140.1 3.96 NA "80.4"
"140" "1992-07-01" 1167.26001 1200.040039 1140.959961 1191.969971 1191.969971 4250080000 -38.488 7.7 21.759 340.784090909091 140.5 3.89 9732.979 "76.6"
"141" "1992-08-01" 1188.660034 1197.609985 1116.699951 1134.550049 1134.550049 3642730000 NA 7.6 21.35 352.452173913043 140.8 3.37 NA "76.1"
"142" "1992-09-01" 1135.630005 1191.040039 1130.619995 1153.459961 1153.459961 3996530000 NA 7.6 21.902 343.6025 141.1 3.39 NA "75.6"
"143" "1992-10-01" 1155.349976 1179.560059 1092.089966 1164.02002 1164.02002 4470560000 -47.14 7.3 21.688 345.3 141.7 3.58 9834.51 "73.3"
"144" "1992-11-01" 1162.969971 1202.920044 1145.75 1194.939941 1194.939941 4133900000 NA 7.4 20.342 344.277272727273 142.1 3.04 NA "85.3"
"145" "1992-12-01" 1192.72998 1222.290039 1172.839966 1204.550049 1204.550049 4829270000 NA 7.4 19.407 334.923809523809 142.3 3.17 NA "91.0"
"146" "1993-01-01" 1207.380005 1233.050049 1188.849976 1225.859985 1225.859985 5252750000 -55.704 7.3 19.075 334.657142857143 142.8 2.66 9850.973 "89.3"
"147" "1993-02-01" 1228.01001 1291.170044 1210.219971 1252.109985 1252.109985 5357080000 NA 7.1 20.053 328.9925 143.1 3.25 NA "86.6"
"148" "1993-03-01" 1253.420044 1295 1229.27002 1279.25 1279.25 5665410000 NA 7 20.347 329.31 143.3 3.65 NA "85.9"
"149" "1993-04-01" 1280.930054 1331.75 1251.430054 1281.930054 1281.930054 5781330000 -63.187 7.1 20.27 329.973913043478 143.8 3.31 9908.347 "85.6"
"150" "1993-05-01" 1282.560059 1316.359985 1257.839966 1296.800049 1296.800049 5097190000 NA 7.1 19.94 341.9475 144.2 3.01 NA "80.3"
"151" "1993-06-01" 1298.849976 1319.47998 1256.800049 1292.589966 1292.589966 5528310000 NA 7 19.07 367.044736842105 144.3 3.33 NA "81.5"
"152" "1993-07-01" 1295.579956 1330.189941 1261.959961 1317.949951 1317.949951 5291440000 -68.354 6.9 17.866 371.913636363636 144.5 3.27 9955.641 "77.0"
"153" "1993-08-01" 1318.98999 1365.97998 1308.02002 1358.569946 1358.569946 5484630000 NA 6.8 18.009 392.034090909091 144.8 3.07 NA "77.3"
"154" "1993-09-01" 1354.339966 1362.030029 1303.459961 1324.540039 1324.540039 5532330000 NA 6.7 17.514 379.795238095238 145 3.25 NA "77.9"
"155" "1993-10-01" 1324.369995 1377.01001 1314.160034 1367.079956 1367.079956 5941070000 -73.449 6.8 18.145 355.561363636364 145.6 3.19 10091.049 "82.7"
"156" "1993-11-01" 1364.5 1381.180054 1323.439941 1362.630005 1362.630005 5887230000 NA 6.6 16.699 364.004761904762 146 3.15 NA "81.2"
"157" "1993-12-01" 1368.339966 1402.069946 1356.050049 1381.030029 1381.030029 5791630000 NA 6.5 14.51 373.938636363636 146.3 3.07 NA "88.2"
"158" "1994-01-01" 1379.819946 1457.25 1362.560059 1447.060059 1447.060059 6630060000 -80.595 6.6 15 383.242857142857 146.3 2.85 10188.954 "94.3"
"159" "1994-02-01" 1446 1454.849976 1370.609985 1380.569946 1380.569946 5852020000 NA 6.6 14.78 387.11 146.7 3.25 NA "93.2"
"160" "1994-03-01" 1380.069946 1394.329956 1265.069946 1297.77002 1297.77002 7249580000 NA 6.5 14.66 381.6575 147.1 3.31 NA "91.5"
"161" "1994-04-01" 1272.680054 1324.400024 1252.540039 1315.910034 1315.910034 5734030000 -90.572 6.4 16.38 384 147.2 3.64 10327.019 "92.6"
"162" "1994-05-01" 1314.98999 1326.699951 1253.060059 1310.890015 1310.890015 5677520000 NA 6.1 17.88 377.907894736842 147.5 3.73 NA "92.8"
"163" "1994-06-01" 1309.079956 1336.819946 1258.160034 1269.339966 1269.339966 5848130000 NA 6.1 19.07 381.3425 147.9 4.33 NA "91.2"
"164" "1994-07-01" 1278.170044 1311.689941 1264.890015 1301.569946 1301.569946 4972060000 -96.868 6.1 19.65 385.713636363636 148.4 3.82 10387.382 "89.0"
"165" "1994-08-01" 1301.810059 1358.97998 1287.800049 1346.72998 1346.72998 6397920000 NA 6 18.38 385.45 149 4.34 NA "91.7"
"166" "1994-09-01" 1341.790039 1349.589966 1268.790039 1285.780029 1285.780029 6156900000 NA 5.9 17.46 380.206818181818 149.3 4.76 NA "91.5"
"167" "1994-10-01" 1287.839966 1322.449951 1243.670044 1307.27002 1307.27002 6333410000 -101.913 5.8 17.71 391.347727272727 149.4 5.44 10506.372 "92.7"
"168" "1994-11-01" 1302.329956 1310.449951 1209.180054 1251.72998 1251.72998 6255770000 NA 5.6 18.1 390.164285714286 149.8 4.76 NA "91.6"
"169" "1994-12-01" 1248.599976 1285.339966 1207.5 1274.410034 1274.410034 6349440000 NA 5.5 17.16 384.377272727273 150.1 5.49 NA "95.1"
"170" "1995-01-01" 1273.280029 1333.51001 1265.280029 1297.459961 1297.459961 6847990000 -105.329 5.6 17.99 379.48 150.5 4.94 10543.644 "97.6"
"171" "1995-02-01" 1300.640015 1368.119995 1286.589966 1356.670044 1356.670044 6333560000 NA 5.4 18.53 378.738095238095 150.9 5.25 NA "95.1"
"172" "1995-03-01" 1352.300049 1407.920044 1318.109985 1388.449951 1388.449951 7788360000 NA 5.4 18.55 376.745 151.2 5.56 NA "90.3"
"173" "1995-04-01" 1386.859985 1446.920044 1376.900024 1438.800049 1438.800049 6295630000 -109.492 5.8 19.87 381.819565217391 151.8 6.3 10575.1 "92.5"
"174" "1995-05-01" 1436.900024 1471.910034 1413.689941 1470.319946 1470.319946 7553190000 NA 5.6 19.74 391.338888888889 152.1 6.1 NA "89.8"
"175" "1995-06-01" 1467.150024 1526.380005 1440.530029 1506.150024 1506.150024 7553800000 NA 5.6 18.42 385.230952380952 152.4 6.04 NA "92.7"
"176" "1995-07-01" 1505.26001 1594.810059 1499.369995 1574.890015 1574.890015 7303270000 -74.444 5.7 17.3 387.618181818182 152.6 6.11 10665.06 "94.4"
"177" "1995-08-01" 1574.439941 1588.540039 1535.890015 1558.119995 1558.119995 7136300000 NA 5.7 18.03 386.138095238095 152.9 5.55 NA "96.2"
"178" "1995-09-01" 1558.569946 1638.719971 1304.219971 1616.76001 1616.76001 7051850000 NA 5.6 18.23 383.502272727273 153.1 5.72 NA "88.9"
"179" "1995-10-01" 1617.469971 1631.160034 1563.069946 1605.900024 1605.900024 8037100000 -69.78 5.5 17.44 382.930952380952 153.5 6.2 10737.478 "90.2"
"180" "1995-11-01" 1604.030029 1723.73999 1589.880005 1701.969971 1701.969971 7570500000 NA 5.6 17.99 383.202272727273 153.7 5.76 NA "88.2"
"181" "1995-12-01" 1700.680054 1748.949951 1661.5 1693.209961 1693.209961 7226270000 NA 5.6 19.04 385.209090909091 153.9 5.56 NA "91.0"
"182" "1996-01-01" 1689.449951 1749.890015 1642.430054 1739.77002 1739.77002 9188050000 -88.795 5.6 18.88 387.444736842105 154.7 4.73 10817.896 "89.3"
"183" "1996-02-01" 1737.98999 1845.910034 1720.540039 1774.23999 1774.23999 8763020000 NA 5.5 19.07 398.695454545455 155 5.27 NA "88.5"
"184" "1996-03-01" 1786.560059 1871.199951 1742.880005 1814.140015 1814.140015 8984200000 NA 5.5 21.36 404.919047619048 155.5 5.81 NA "93.7"
"185" "1996-04-01" 1820.050049 1864.76001 1751.910034 1822.959961 1822.959961 8876670000 -93.709 5.6 23.57 396.511904761905 156.1 5.53 10998.322 "92.7"
"186" "1996-05-01" 1819.319946 1907.390015 1747.060059 1842.349976 1842.349976 8921140000 NA 5.6 21.25 392.87 156.4 5.41 NA "89.4"
"187" "1996-06-01" 1837.130005 1879.290039 1816.930054 1843.550049 1843.550049 7928700000 NA 5.3 20.45 391.990476190476 156.7 5.31 NA "92.4"
"188" "1996-07-01" 1847.369995 1878.160034 1676.209961 1761.160034 1761.160034 8215250000 -114.18 5.5 21.32 385.245 157 7.8 11096.976 "94.7"
"189" "1996-08-01" 1761.369995 1839.400024 1752.109985 1796.280029 1796.280029 7380330000 NA 5.1 21.96 383.45652173913 157.2 6.29 NA "95.3"
"190" "1996-09-01" 1782.359985 1879.609985 1769.569946 1858.130005 1858.130005 8069760000 NA 5.2 23.99 387.509523809524 157.7 5.28 NA "94.7"
"191" "1996-10-01" 1857.839966 1936.469971 1844.140015 1909.689941 1909.689941 9709340000 -88.822 5.2 24.9 383.290476190476 158.2 5.53 11212.205 "96.5"
"192" "1996-11-01" 1912.650024 2078.550049 1894.130005 2051.830078 2051.830078 8907810000 NA 5.4 23.71 380.908695652174 158.7 5.19 NA "99.2"
"193" "1996-12-01" 2047.77002 2076.070068 1958.079956 2025.829956 2025.829956 9089170000 NA 5.4 25.39 377.869047619048 159.1 5.44 NA "96.9"
"194" "1997-01-01" 2026.869995 2168.300049 1984.650024 2112.330078 2112.330078 11633910000 -108.839 5.3 25.17 369.3375 159.4 6.26 11284.587 "97.4"
"195" "1997-02-01" 2112.330078 2182.709961 2074.919922 2117.51001 2117.51001 9718460000 NA 5.2 22.21 355.025 159.7 5.37 NA "99.7"
"196" "1997-03-01" 2111.070068 2211.800049 2046.530029 2061.439941 2061.439941 10030610000 NA 5.2 20.99 346.4 159.8 5.5 NA "100.0"
"197" "1997-04-01" 2055.449951 2213.659912 2002.829956 2191.370117 2191.370117 10461640000 -85.201 5.1 19.72 352.310526315789 159.9 6.18 11472.137 "101.4"
"198" "1997-05-01" 2181.590088 2302.77002 2153.01001 2284.139893 2284.139893 10106660000 NA 4.9 20.83 344.706818181818 159.9 5.73 NA "103.2"
"199" "1997-06-01" 2288.810059 2412.22998 2250.26001 2360.26001 2360.26001 10857950000 NA 5 19.17 344.1 160.2 5.58 NA "104.5"
"200" "1997-07-01" 2368.889893 2565.469971 2347.75 2538.860107 2538.860107 11958120000 -96.831 4.9 19.63 340.804761904762 160.4 6.24 11615.636 "107.1"
"201" "1997-08-01" 2534.25 2571.649902 2374.040039 2397.25 2397.25 10606100000 NA 4.8 19.93 323.780434782609 160.8 5.65 NA "104.4"
"202" "1997-09-01" 2406.899902 2583.469971 2402.379883 2539.530029 2539.530029 1.1383e+10 NA 4.9 19.79 323.9975 161.2 5.52 NA "106.0"
"203" "1997-10-01" 2552.360107 2640.189941 2287.459961 2446.679932 2446.679932 14017260000 -117.014 4.7 21.26 322.615909090909 161.5 5.65 11715.393 "105.6"
"204" "1997-11-01" 2471.060059 2577.169922 2400.98999 2555.600098 2555.600098 10173620000 NA 4.6 20.17 324.854347826087 161.7 5.56 NA "107.2"
"205" "1997-12-01" 2568.459961 2669.310059 2478.340088 2607.370117 2607.370117 11958880000 NA 4.7 18.32 306.345 161.8 5.92 NA "102.1"
"206" "1998-01-01" 2610.76001 2654.350098 2464.429932 2604.800049 2604.800049 12733830000 -135.215 4.6 16.71 288.77619047619 162 5.84 11832.486 "106.6"
"207" "1998-02-01" 2638.969971 2792.649902 2620.449951 2746.25 2746.25 11656550000 NA 4.6 16.06 289.264285714286 162 5.48 NA "110.4"
"208" "1998-03-01" 2746.659912 2913.169922 2711.639893 2863.840088 2863.840088 13719590000 NA 4.7 15.02 297.7425 162 5.57 NA "106.5"
"209" "1998-04-01" 2866.189941 2988.860107 2804.51001 2892.27002 2892.27002 13656060000 -162.331 4.3 15.44 295.870454545455 162.2 5.72 11942.032 "108.7"
"210" "1998-05-01" 2901.360107 2950.98999 2764.5 2824.590088 2824.590088 11477140000 NA 4.4 14.86 308.5575 162.6 5.46 NA "106.5"
"211" "1998-06-01" 2822.51001 2924.830078 2753.919922 2877.810059 2877.810059 13551970000 NA 4.5 13.66 298.971052631579 162.8 5.79 NA "105.6"
"212" "1998-07-01" 2893.48999 2994.22998 2762.149902 2786.060059 2786.060059 14194800000 -174.634 4.5 14.08 292.222727272727 163.2 6.35 12091.614 "105.2"
"213" "1998-08-01" 2783.969971 2811.050049 2413.860107 2432.280029 2432.280029 15071550000 NA 4.5 13.36 292.873913043478 163.4 5.63 NA "104.4"
"214" "1998-09-01" 2435.340088 2637.889893 2359.149902 2510.699951 2510.699951 16714080000 NA 4.6 14.95 284.2275 163.5 5.75 NA "100.9"
"215" "1998-10-01" 2484.610107 2738.840088 2358.689941 2692.280029 2692.280029 18001650000 -178.663 4.5 14.39 288.661363636364 163.9 5.73 12287 "97.4"
"216" "1998-11-01" 2707.75 2924.429932 2683.899902 2821.52002 2821.52002 13451280000 NA 4.4 12.85 296.595454545455 164.1 5.35 NA "102.7"
"217" "1998-12-01" 2803.280029 2914.669922 2680.840088 2870.830078 2870.830078 15181450000 NA 4.4 11.28 294.242857142857 164.4 4.82 NA "100.5"
"218" "1999-01-01" 2874.429932 3039.129883 2798.689941 2899.26001 2899.26001 16213500000 -207.731 4.3 12.47 291.357142857143 164.7 4.07 12403.293 "103.9"
"219" "1999-02-01" 2911.51001 2984.100098 2792.820068 2876.110107 2876.110107 14555860000 NA 4.4 12.01 287.3325 164.7 4.86 NA "108.1"
"220" "1999-03-01" 2875.699951 3106.800049 2832.169922 2981.060059 2981.060059 18002500000 NA 4.2 14.66 287.495 164.8 5.1 NA "105.7"
"221" "1999-04-01" 2992.27002 3347.120117 2955.25 3270.370117 3270.370117 18523200000 -244.668 4.3 17.34 286.24347826087 165.9 5.41 12498.694 "104.6"
"222" "1999-05-01" 3269.47998 3410.149902 3156.409912 3215.100098 3215.100098 15880260000 NA 4.2 17.75 282.62 166 5.03 NA "106.8"
"223" "1999-06-01" 3214.050049 3327.080078 3153.27002 3262.98999 3262.98999 16079170000 NA 4.3 17.89 276.931578947368 166 4.78 NA "107.3"
"224" "1999-07-01" 3262.47998 3361.73999 3166.219971 3187.75 3187.75 15332930000 -275.3 4.3 20.07 261.402272727273 166.7 5.76 12662.385 "106.0"
"225" "1999-08-01" 3187.689941 3351.02002 3110.580078 3168.419922 3168.419922 15818550000 NA 4.2 21.26 256.197727272727 167.1 5.07 NA "104.5"
"226" "1999-09-01" 3167.73999 3260.409912 2918.02002 3013.01001 3013.01001 16438700000 NA 4.2 23.88 256.935714285714 167.8 5.41 NA "107.2"
"227" "1999-10-01" 3012.76001 3177.409912 2901.780029 3130.22998 3130.22998 1.8832e+10 -295.638 4.1 22.64 264.470454545455 168.1 5.26 12877.593 "103.2"
"228" "1999-11-01" 3130.399902 3189.23999 2908.969971 3083.48999 3083.48999 18384820000 NA 4.1 24.97 311.561904761905 168.4 5.38 NA "107.2"
"229" "1999-12-01" 3083.23999 3249.610107 3051.040039 3214.379883 3214.379883 19640690000 NA 4 26.08 293.65 168.8 5.71 NA "105.4"
"230" "2000-01-01" 3215 3320.75 2995.780029 3086.090088 3086.090088 21494400000 -352.106 4 27.18 283.7425 169.3 3.99 12924.179 "112.0"
"231" "2000-02-01" 3085.530029 3160.580078 2754.530029 2853.080078 2853.080078 2.0912e+10 NA 4.1 29.35 284.59 170 5.79 NA "111.3"
"232" "2000-03-01" 2852.689941 3157.060059 2704.98999 3081.149902 3081.149902 26156200000 NA 4 29.89 300.854761904762 171 5.78 NA "107.1"
"233" "2000-04-01" 3069.929932 3295.080078 2912.169922 3107.709961 3107.709961 20106460000 -358.736 3.8 25.74 286.704347826087 170.9 6.17 13160.842 "109.2"
"234" "2000-05-01" 3110.610107 3211.169922 2973.080078 3058.060059 3058.060059 19898300000 NA 4 28.78 279.961111111111 171.2 6.17 NA "110.7"
"235" "2000-06-01" 3059.850098 3185.23999 2923.639893 2990.840088 2990.840088 21738300000 NA 4 31.83 275.292857142857 172.2 6.65 NA "106.4"
"236" "2000-07-01" 2991.280029 3190.159912 2973.310059 3083.810059 3083.810059 19089100000 -387.846 4 29.77 285.368181818182 172.7 6.86 13178.419 "108.3"
"237" "2000-08-01" 3083.899902 3307.399902 3057.139893 3249.830078 3249.830078 20355500000 NA 4.1 31.22 282.152380952381 172.7 6.51 NA "107.3"
"238" "2000-09-01" 3250.600098 3354.689941 3084.820068 3173.959961 3173.959961 20838300000 NA 3.9 33.88 274.522727272727 173.6 6.52 NA "106.8"
"239" "2000-10-01" 3175.389893 3304.840088 2915.419922 3269.100098 3269.100098 25951400000 -401.511 3.9 33.08 273.67619047619 173.9 6.6 13260.506 "105.8"
"240" "2000-11-01" 3268.040039 3325.77002 3105.850098 3165.169922 3165.169922 20532300000 NA 3.9 34.4 270.404545454545 174.2 6.61 NA "107.6"
"241" "2000-12-01" 3165.570068 3381.560059 3102.310059 3317.610107 3317.610107 22205810000 NA 3.9 28.46 265.988636363636 174.6 6.6 NA "98.4"
"242" "2001-01-01" 3318.100098 3398.120117 3087.870117 3295.820068 3295.820068 24223110000 -390.755 4.2 29.58 271.892105263158 175.6 5.41 13222.69 "94.7"
"243" "2001-02-01" 3295 3375.389893 3131.300049 3211.179932 3211.179932 21644400000 NA 4.2 29.61 265.934090909091 176 5.57 NA "90.6"
"244" "2001-03-01" 3210.830078 3336.810059 2788.159912 3059.969971 3059.969971 27806610000 NA 4.3 27.24 262.0175 176.1 5.59 NA "91.5"
"245" "2001-04-01" 3059.689941 3313.280029 2912.830078 3249.050049 3249.050049 23591480000 -358.543 4.4 27.41 263.272727272727 176.4 5.29 13299.984 "88.4"
"246" "2001-05-01" 3248.889893 3419.300049 3191.399902 3302.189941 3302.189941 24525900000 NA 4.3 28.64 260.75 177.3 4.61 NA "92.0"
"247" "2001-06-01" 3302.469971 3351.280029 3031.060059 3142.75 3142.75 24748030000 NA 4.5 27.6 272.057142857143 177.7 4.14 NA "92.6"
"248" "2001-07-01" 3144.040039 3239.139893 3012.23999 3146.050049 3146.050049 23848010000 -365.976 4.6 26.45 270.738095238095 177.4 3.95 13244.784 "92.4"
"249" "2001-08-01" 3146.76001 3204.280029 2974.77002 3009.209961 3009.209961 23359200000 NA 4.9 27.47 267.706818181818 177.4 3.79 NA "91.5"
"250" "2001-09-01" 3008.73999 3085.5 2391.370117 2599.47998 2599.47998 25121190000 NA 5 25.88 272.656818181818 178.1 3.66 NA "81.8"
"251" "2001-10-01" 2599.209961 2788.969971 2533.560059 2625.169922 2625.169922 29951280000 -356.441 5.3 22.21 282.4775 177.6 3.02 13280.859 "82.7"
"252" "2001-11-01" 2626.870117 2872.209961 2594.51001 2807.51001 2807.51001 2.633e+10 NA 5.5 19.67 283.321739130435 177.5 2.61 NA "83.9"
"253" "2001-12-01" 2807.070068 2936.909912 2749.629883 2892.22998 2892.22998 25128570000 NA 5.7 19.33 276.247727272727 177.4 2.06 NA "88.8"
"254" "2002-01-01" 2892.25 3008.530029 2769.600098 2896.379883 2896.379883 29746200000 -372.592 5.7 19.67 275.992105263158 177.7 1.52 13397.002 "93.0"
"255" "2002-02-01" 2896.469971 2974.23999 2754.889893 2918.530029 2918.530029 26047600000 NA 5.7 20.74 281.763636363636 178 1.77 NA "90.7"
"256" "2002-03-01" 2919.360107 3134.320068 2910.899902 3045.919922 3045.919922 26563200000 NA 5.7 24.42 295.6825 178.5 1.78 NA "95.7"
"257" "2002-04-01" 3045.600098 3048.850098 2869.570068 2918.790039 2918.790039 28568900000 -415.681 5.9 26.27 294.3525 179.3 1.88 13478.152 "93.0"
"258" "2002-05-01" 2918.5 3007.139893 2846.060059 2891.060059 2891.060059 26874200000 NA 5.8 27.02 302.861904761905 179.5 1.88 NA "96.9"
"259" "2002-06-01" 2891.050049 2910.290039 2612.300049 2743.76001 2743.76001 28503770000 NA 5.8 25.52 314.479545454545 179.6 1.79 NA "92.4"
"260" "2002-07-01" 2743.090088 2775.929932 2112.48999 2499.669922 2499.669922 42228720000 -432.521 5.8 26.94 321.536111111111 180 1.83 13538.072 "88.1"
"261" "2002-08-01" 2498.600098 2633.77002 2287.22998 2473.129883 2473.129883 29298400000 NA 5.7 28.38 313.567391304348 180.5 1.79 NA "87.6"
"262" "2002-09-01" 2472.419922 2491.570068 2157.899902 2212.139893 2212.139893 27757310000 NA 5.7 29.67 310.045238095238 180.8 1.81 NA "86.1"
"263" "2002-10-01" 2212.219971 2394.050049 1999.089966 2339.340088 2339.340088 37856310000 -480.814 5.7 28.85 318.8 181.2 1.85 13559.032 "80.6"
"264" "2002-11-01" 2339.110107 2485.47998 2284.77002 2457.01001 2457.01001 29170060000 NA 5.9 26.27 316.747826086957 181.5 1.74 NA "84.2"
"265" "2002-12-01" 2457.209961 2507.889893 2335.300049 2374.959961 2374.959961 25993640000 NA 6 29.42 319.254761904762 181.8 1.23 NA "86.7"
"266" "2003-01-01" 2375.090088 2518.5 2229.73999 2278.199951 2278.199951 30769580000 -504.852 5.8 32.94 333.3 182.6 1.16 13634.253 "82.4"
"267" "2003-02-01" 2278.159912 2312.899902 2127.600098 2200.399902 2200.399902 25235300000 NA 5.9 35.87 356.863636363636 183.6 1.33 NA "79.9"
"268" "2003-03-01" 2200.26001 2393.139893 2075.649902 2257.899902 2257.899902 30080030000 NA 5.9 33.55 359.575 183.9 1.33 NA "77.6"
"269" "2003-04-01" 2258.02002 2466.02002 2241.689941 2442.709961 2442.709961 29681610000 -501.536 6 28.25 341.564285714286 183.2 1.29 13751.543 "86.0"
"270" "2003-05-01" 2442.060059 2576.22998 2398.189941 2563.340088 2563.340088 30952100000 NA 6.1 28.14 328.2075 182.9 1.3 NA "92.1"
"271" "2003-06-01" 2563.560059 2680.639893 2551.25 2576.22998 2576.22998 31177100000 NA 6.3 30.72 355.405 183.1 1.28 NA "89.7"
"272" "2003-07-01" 2575.939941 2685.860107 2531.149902 2642.449951 2642.449951 31553200000 -500.763 6.2 30.76 356.911904761905 183.7 1.11 13985.073 "90.9"
"273" "2003-08-01" 2642.26001 2720.070068 2556.659912 2695.100098 2695.100098 24881470000 NA 6.1 31.59 350.765217391304 184.5 1 NA "89.3"
"274" "2003-09-01" 2695.070068 2804.639893 2668.77002 2691.350098 2691.350098 29940110000 NA 6.1 28.29 358.9925 185.1 1.01 NA "87.7"
"275" "2003-10-01" 2691.629883 2872.050049 2689.169922 2843.219971 2843.219971 32298500000 -505.355 6 30.33 378.859090909091 184.9 1.11 14145.645 "89.6"
"276" "2003-11-01" 2843.429932 2894.27002 2761.879883 2837.840088 2837.840088 24463220000 NA 5.8 31.09 379.09347826087 185 1.03 NA "93.7"
"277" "2003-12-01" 2838.149902 3019.909912 2834.52002 3000.75 3000.75 27839130000 NA 5.7 32.15 390.2 185.5 1.03 NA "92.6"
"278" "2004-01-01" 3000.330078 3086.02002 2955.790039 2984.280029 2984.280029 3.282e+10 -548.966 5.7 34.27 407.67380952381 186.3 0.94 14221.147 "103.8"
"279" "2004-02-01" 2984.399902 3058.23999 2937.949951 3016.129883 3016.129883 27985600000 NA 5.6 34.74 414.495238095238 186.7 1.03 NA "94.4"
"280" "2004-03-01" 3016.290039 3052.370117 2866.320068 2984.540039 2984.540039 33597900000 NA 5.8 36.76 404.73 187.1 1.04 NA "95.8"
"281" "2004-04-01" 2985.679932 3053.419922 2929.939941 2945.939941 2945.939941 31611900000 -608.024 5.6 36.69 405.976086956522 187.4 1.03 14329.523 "94.2"
"282" "2004-05-01" 2946.219971 2998.26001 2822.51001 2959.850098 2959.850098 29326400000 NA 5.6 40.28 404.85 188.2 1.03 NA "90.2"
"283" "2004-06-01" 2959.850098 3094.439941 2933.449951 3072.25 3072.25 27529500000 NA 5.6 38.02 383.952631578947 188.9 1.02 NA "95.6"
"284" "2004-07-01" 3072.01001 3085.370117 2927.070068 3006.139893 3006.139893 29285600000 -636.429 5.5 40.69 391.779545454545 189.1 1.4 14464.984 "96.7"
"285" "2004-08-01" 3005.939941 3041.52002 2901.209961 3027.550049 3027.550049 26586800000 NA 5.4 44.94 398.440909090909 189.2 1.29 NA "95.9"
"286" "2004-09-01" 3026.649902 3115.290039 3003.429932 3058.469971 3058.469971 26829870000 NA 5.4 45.95 400.133333333333 189.8 1.53 NA "94.2"
"287" "2004-10-01" 3058.76001 3169.350098 3032.080078 3152.159912 3152.159912 3.1511e+10 -682.881 5.5 53.13 405.402272727273 190.8 1.86 14609.876 "91.7"
"288" "2004-11-01" 3152.360107 3334 3108.669922 3283.73999 3283.73999 30460280000 NA 5.4 48.46 420.209523809524 191.7 1.83 NA "92.8"
"289" "2004-12-01" 3282.530029 3428.629883 3261.610107 3395.820068 3395.820068 31102700000 NA 5.4 43.33 439.059090909091 191.7 2.04 NA "97.1"
"290" "2005-01-01" 3395.939941 3425.560059 3215.26001 3311.179932 3311.179932 31493100000 -674.59 5.3 46.84 442.97380952381 191.6 1.97 14771.602 "95.5"
"291" "2005-02-01" 3311.149902 3452.909912 3299.530029 3408.090088 3408.090088 29297410000 NA 5.4 47.97 424.08 192.4 2.4 NA "94.1"
"292" "2005-03-01" 3408.530029 3519.719971 3312.889893 3373.189941 3373.189941 39014150000 NA 5.2 54.31 423.43 193.1 2.39 NA "92.6"
"293" "2005-04-01" 3373.320068 3412.580078 3178.530029 3270.300049 3270.300049 43424270000 -690.79 5.2 53.04 434.354761904762 193.7 2.83 14839.782 "87.7"
"294" "2005-05-01" 3270.219971 3385.610107 3190.290039 3349.199951 3349.199951 39321990000 NA 5.1 49.83 429.140476190476 193.6 2.97 NA "86.9"
"295" "2005-06-01" 3348.050049 3423.600098 3276.110107 3330.929932 3330.929932 40334040000 NA 5 56.26 422.9025 193.7 3.02 NA "96.0"
"296" "2005-07-01" 3330.77002 3530.899902 3285.959961 3494.189941 3494.189941 37464670000 -732.505 5 58.7 430.302272727273 194.9 3.36 14972.054 "96.5"
"297" "2005-08-01" 3494.320068 3544.459961 3394.659912 3457.209961 3457.209961 42030090000 NA 4.9 64.97 424.745238095238 196.1 3.3 NA "89.1"
"298" "2005-09-01" 3457.179932 3562.22998 3408.75 3538.870117 3538.870117 44777510000 NA 5 65.57 437.772727272727 198.8 3.57 NA "76.9"
"299" "2005-10-01" 3538.98999 3572.709961 3315.070068 3479.179932 3479.179932 49793790000 -786.886 5 62.37 455.936363636364 199.1 3.93 15066.597 "74.2"
"300" "2005-11-01" 3479.050049 3682.129883 3431.629883 3618.02002 3618.02002 45102870000 NA 5 58.3 470.107142857143 198.1 3.99 NA "81.6"
"301" "2005-12-01" 3618.050049 3726.300049 3585.189941 3638.060059 3638.060059 41756130000 NA 4.9 59.43 476.668181818182 198.1 4.03 NA "91.5"
"302" "2006-01-01" 3638.189941 3762 3593.97998 3726.47998 3726.47998 49211650000 -777.158 4.7 65.51 509.4225 199.3 4.09 15267.026 "91.2"
"303" "2006-02-01" 3725.850098 3826.649902 3629.709961 3764.600098 3764.600098 42859940000 NA 4.8 61.63 549.433333333333 199.4 4.47 NA "86.7"
"304" "2006-03-01" 3763.790039 3869.01001 3681.850098 3776.51001 3776.51001 50905040000 NA 4.7 62.9 555.5175 199.7 4.52 NA "88.9"
"305" "2006-04-01" 3777.090088 3915.709961 3739.159912 3860.350098 3860.350098 43308430000 -780.585 4.7 69.69 557.215217391304 200.7 5 15302.705 "87.4"
"306" "2006-05-01" 3860.449951 4044.51001 3734.76001 3846.590088 3846.590088 54312830000 NA 4.6 70.94 611.852777777778 201.3 4.84 NA "79.1"
"307" "2006-06-01" 3846.699951 3970.350098 3675.030029 3931.590088 3931.590088 54873260000 NA 4.6 70.96 676.769047619048 201.8 5.02 NA "84.9"
"308" "2006-07-01" 3931.449951 3979.580078 3728.949951 3822.27002 3822.27002 46348220000 -805.63 4.7 74.41 597.897727272727 202.9 5.05 15326.368 "84.7"
"309" "2006-08-01" 3821.810059 3917.600098 3714.600098 3843.659912 3843.659912 50485620000 NA 4.7 73.05 633.092857142857 203.8 5.27 NA "82.0"
"310" "2006-09-01" 3843.919922 3961.120117 3762.689941 3911.219971 3911.219971 49001440000 NA 4.5 63.87 631.556818181818 202.8 5.25 NA "85.4"
"311" "2006-10-01" 3911.199951 4156.740234 3878.659912 4088.01001 4088.01001 56793620000 -720.325 4.4 58.88 600.15 201.9 5.34 15456.928 "93.6"
"312" "2006-11-01" 4102.720215 4196.549805 4025.73999 4125.490234 4125.490234 55343930000 NA 4.5 59.37 586.647727272727 202 5.23 NA "92.1"
"313" "2006-12-01" 4125.339844 4192.790039 4068.879883 4120.959961 4120.959961 47578780000 NA 4.4 62.03 626.825 203.1 5.27 NA "91.7"
"314" "2007-01-01" 4121.509766 4261.939941 4079.879883 4239.609863 4239.609863 56686200000 -724.314 4.6 54.57 629.513157894737 203.437 5.17 15493.328 "96.9"
"315" "2007-02-01" 4242.600098 4420.540039 4161.490234 4213.740234 4213.740234 51844990000 NA 4.5 59.26 630.352272727273 204.226 5.29 NA "91.3"
"316" "2007-03-01" 4213.459961 4338.220215 4071.689941 4252.529785 4252.529785 67622250000 NA 4.4 60.56 665.1025 205.288 5.31 NA "88.4"
"317" "2007-04-01" 4252.560059 4576.640137 4227.899902 4464.850098 4464.850098 57032470000 -731.908 4.5 63.97 655.890909090909 205.904 5.3 15582.085 "87.1"
"318" "2007-05-01" 4465.299805 4662.47998 4433.549805 4630.75 4630.75 64958050000 NA 4.4 63.46 680.007894736842 206.755 5.26 NA "88.3"
"319" "2007-06-01" 4630.830078 4681.220215 4413.22998 4497.859863 4497.859863 65322800000 NA 4.6 67.48 668.309523809524 207.234 5.23 NA "85.3"
"320" "2007-07-01" 4498.02002 4772.310059 4369.660156 4411.859863 4411.859863 70337430000 -713.796 4.7 74.18 655.714285714286 207.603 5.31 15666.738 "90.4"
"321" "2007-08-01" 4411.310059 4608.009766 4095.330078 4404.169922 4404.169922 91381760000 NA 4.6 72.39 665.265909090909 207.667 5.3 NA "83.4"
"322" "2007-09-01" 4404.209961 4586.649902 4272.700195 4510.859863 4510.859863 57809700000 NA 4.7 79.93 664.529545454545 208.547 4.96 NA "83.4"
"323" "2007-10-01" 4510.740234 4658.649902 4374.089844 4598.629883 4598.629883 76022580000 -703.687 4.7 86.2 710.645 209.19 4.92 15761.967 "80.9"
"324" "2007-11-01" 4597.060059 4597.060059 4212.129883 4436.330078 4436.330078 86246950000 NA 4.7 94.62 754.480434782609 210.834 4.59 NA "76.1"
"325" "2007-12-01" 4436.439941 4638.209961 4344.740234 4394.049805 4394.049805 63556850000 NA 5 91.73 808.311363636364 211.445 4.66 NA "75.5"
"326" "2008-01-01" 4393 4420.720215 3840.040039 4290.680176 4290.680176 98475340000 -756.179 5 92.95 803.618421052632 212.174 3.06 15671.383 "78.4"
"327" "2008-02-01" 4290.720215 4383.339844 4109.310059 4129.040039 4129.040039 78536130000 NA 4.9 95.35 887.784090909091 212.687 3.12 NA "70.8"
"328" "2008-03-01" 4129.060059 4317.220215 3962.439941 4196.939941 4196.939941 93189170000 NA 5.1 105.56 924.283333333333 213.448 3.01 NA "69.5"
"329" "2008-04-01" 4197.560059 4538.839844 4197.560059 4451.220215 4451.220215 85978630000 -758.947 5 112.57 971.055263157895 213.942 2.38 15752.308 "62.6"
"330" "2008-05-01" 4450.410156 4640.709961 4369.129883 4514.439941 4514.439941 80990480000 NA 5.4 125.39 911.6 215.208 2.16 NA "59.8"
"331" "2008-06-01" 4514.330078 4542.029785 4083.219971 4161.959961 4161.959961 96614040000 NA 5.6 133.93 889.125 217.463 1.98 NA "56.4"
"332" "2008-07-01" 4160.919922 4286.529785 3917.310059 4138.049805 4138.049805 124980570000 -771.564 5.8 133.44 889.535714285714 219.016 2.11 15667.032 "61.2"
"333" "2008-08-01" 4137.970215 4294.859863 3991.840088 4162.029785 4162.029785 86266010000 NA 6.1 116.61 941.167391304348 218.69 2.04 NA "63.0"
"334" "2008-09-01" 4163.47998 4272.540039 3649.280029 3829.040039 3829.040039 141134640000 NA 6.1 103.9 840.3875 218.877 1.94 NA "70.3"
"335" "2008-10-01" 3828.47998 3883.97998 2724.600098 3286.47998 3286.47998 161289700000 -605.663 6.5 76.65 824.920454545455 216.995 1.15 15328.027 "57.6"
"336" "2008-11-01" 3286.659912 3452.02002 2607.77002 3108.080078 3108.080078 115660210000 NA 6.8 57.44 812.815217391304 213.153 0.22 NA "55.3"
"337" "2008-12-01" 3108.080078 3185.399902 2811.320068 3086.070068 3086.070068 112884470000 NA 7.3 41.02 757.85 211.398 0.52 NA "60.1"
"338" "2009-01-01" 3085.350098 3246.139893 2732.97998 2798.52002 2798.52002 112090640000 -396.112 7.8 41.74 819.940476190476 211.933 0.14 15155.94 "61.2"
"339" "2009-02-01" 2797.719971 2967.669922 2387.419922 2434.719971 2434.719971 124492210000 NA 8.3 39.16 857.72619047619 212.705 0.23 NA "56.3"
"340" "2009-03-01" 2433.830078 2718.48999 2164.459961 2587.23999 2587.23999 161843640000 NA 8.7 47.98 939.7625 212.495 0.22 NA "57.3"
"341" "2009-04-01" 2586.570068 2888.550049 2532.929932 2814.300049 2814.300049 138855320000 -338.611 9 49.79 925.988636363636 212.709 0.16 15134.117 "65.1"
"342" "2009-05-01" 2814.360107 3012.52002 2756.120117 2898.620117 2898.620117 131614940000 NA 9.4 59.16 892.6625 213.022 0.22 NA "68.7"
"343" "2009-06-01" 2897.899902 3066.689941 2815.330078 2925.47998 2925.47998 112653150000 NA 9.5 69.68 926.855263157895 214.79 0.21 NA "70.8"
"344" "2009-07-01" 2925.570068 3209.070068 2764.639893 3162.449951 3162.449951 106635790000 -405.497 9.5 64.09 947.806818181818 214.726 0.2 15189.222 "66.0"
"345" "2009-08-01" 3162.610107 3338.030029 3127.879883 3248.860107 3248.860107 116825670000 NA 9.6 71.06 934.271739130435 215.445 0.18 NA "65.7"
"346" "2009-09-01" 3248.97998 3445.26001 3161.379883 3327.870117 3327.870117 112295490000 NA 9.8 69.46 949.5 215.861 0.15 NA "73.5"
"347" "2009-10-01" 3327.840088 3498.370117 3205.179932 3256.050049 3256.050049 113410990000 -445.584 10 75.82 996.443181818182 216.509 0.11 15356.058 "70.6"
"348" "2009-11-01" 3255.939941 3537.310059 3218.5 3478.719971 3478.719971 84981530000 NA 9.9 78.08 1043.51136363636 217.234 0.11 NA "67.4"
"349" "2009-12-01" 3478.699951 3641.27002 3478.699951 3566.679932 3566.679932 89515330000 NA 9.9 74.3 1126.11904761905 217.347 0.13 NA "72.5"
"350" "2010-01-01" 3567.199951 3682.76001 3403.98999 3417.080078 3417.080078 90947580000 -489.179 9.8 78.22 1135.0119047619 217.488 0.05 15415.145 "74.4"
"351" "2010-02-01" 3417.199951 3547.449951 3306.590088 3504.679932 3504.679932 84561340000 NA 9.8 76.42 1119.575 217.281 0.14 NA "73.6"
"352" "2010-03-01" 3504.719971 3721.409912 3503.699951 3679.02002 3679.02002 103683550000 NA 9.9 81.24 1095.8 217.353 0.14 NA "73.6"
"353" "2010-04-01" 3679.129883 3885.780029 3669.590088 3794.610107 3794.610107 116741910000 -519.127 9.9 84.48 1115.55434782609 217.403 0.17 15557.277 "72.2"
"354" "2010-05-01" 3794.659912 3879.02002 3342.550049 3509.399902 3509.399902 127662780000 NA 9.6 73.84 1148.475 217.29 0.2 NA "73.6"
"355" "2010-06-01" 3508.719971 3690.51001 3334.850098 3357.540039 3357.540039 110106750000 NA 9.4 75.35 1204.32105263158 217.199 0.2 NA "76.0"
"356" "2010-07-01" 3357.580078 3706.129883 3293.090088 3631.610107 3631.610107 94778110000 -535.095 9.4 76.37 1232.38181818182 217.605 0.17 15671.967 "67.8"
"357" "2010-08-01" 3632.199951 3731.419922 3425.469971 3482.290039 3482.290039 85738250000 NA 9.5 76.82 1196 217.923 0.18 NA "68.9"
"358" "2010-09-01" 3482.120117 3798.899902 3482.120117 3735.800049 3735.800049 79589450000 NA 9.5 75.31 1213.46428571429 218.275 0.19 NA "68.2"
"359" "2010-10-01" 3736.320068 3919.419922 3686.959961 3863.639893 3863.639893 90148480000 -512.21 9.4 81.9 1271.46136363636 219.035 0.2 15750.625 "67.7"
"360" "2010-11-01" 3863.76001 3998.080078 3804.159912 3845.26001 3845.26001 87151070000 NA 9.8 84.14 1343.19047619048 219.59 0.2 NA "71.6"
"361" "2010-12-01" 3845.48999 4056.860107 3845.48999 4033.189941 4033.189941 80984530000 NA 9.3 89.04 1371.78409090909 220.472 0.2 NA "74.5"
"362" "2011-01-01" 4033.179932 4156.919922 4025.800049 4077.469971 4077.469971 92164940000 -561.474 9.1 89.42 1393.5119047619 221.187 0.13 15712.754 "74.2"
"363" "2011-02-01" 4077.570068 4254.569824 4061.070068 4163.22998 4163.22998 59223660000 NA 9 89.58 1360.475 221.898 0.18 NA "77.5"
"364" "2011-03-01" 4163.549805 4261.430176 3962.110107 4228.419922 4228.419922 89507640000 NA 9 102.94 1371.3125 223.046 0.15 NA "67.5"
"365" "2011-04-01" 4228.47998 4426 4140.799805 4397.049805 4397.049805 77364810000 -581.865 9.1 110.04 1422.84782608696 224.093 0.11 15825.096 "69.8"
"366" "2011-05-01" 4396.97998 4438.859863 4248.290039 4354.839844 4354.839844 81708980000 NA 9 101.33 1474.43055555556 224.806 0.09 NA "74.3"
"367" "2011-06-01" 4353.709961 4359.72998 4093.429932 4309.560059 4309.560059 86122730000 NA 9.1 96.29 1512.1875 224.806 0.1 NA "71.5"
"368" "2011-07-01" 4309.240234 4444.029785 4152.799805 4199.240234 4199.240234 81102170000 -573.85 9 97.19 1528.37954545455 225.395 0.08 15820.7 "63.7"
"369" "2011-08-01" 4199.950195 4258.089844 3615.030029 3986.75 3986.75 108419170000 NA 9 86.33 1568.52619047619 226.106 0.17 NA "55.8"
"370" "2011-09-01" 3989.879883 4028.659912 3628.550049 3742.600098 3742.600098 98517590000 NA 9 85.61 1759.5 226.597 0.08 NA "59.5"
"371" "2011-10-01" 3742.580078 4255.669922 3535.439941 4128.75 4128.75 98063670000 -600.657 8.8 86.41 1780.64772727273 226.75 0.06 16004.107 "60.8"
"372" "2011-11-01" 4127.009766 4211.069824 3854.070068 4155.810059 4155.810059 84275050000 NA 8.6 97.21 1667.89285714286 227.169 0.08 NA "63.7"
"373" "2011-12-01" 4155.779785 4282.22998 4033.810059 4232.169922 4232.169922 75366190000 NA 8.5 98.57 1735.97727272727 227.223 0.08 NA "69.9"
"374" "2012-01-01" 4232.819824 4429.950195 4205.25 4355.240234 4355.240234 79567560000 -615.102 8.3 100.24 1652.725 227.842 0.04 16129.418 "75.0"
"375" "2012-02-01" 4354.589844 4441.709961 4327.149902 4375.689941 4375.689941 78385710000 NA 8.3 102.25 1656.09523809524 228.329 0.11 NA "75.3"
"376" "2012-03-01" 4376.040039 4515.669922 4287.029785 4460.529785 4460.529785 83899660000 NA 8.2 106.19 1743.09523809524 228.807 0.11 NA "76.2"
"377" "2012-04-01" 4444.810059 4510.640137 4301.319824 4474.870117 4474.870117 74761710000 -580.505 8.2 103.33 1675.05681818182 229.187 0.09 16198.807 "76.4"
"378" "2012-05-01" 4474.830078 4535.100098 4205.72998 4283.569824 4283.569824 86920490000 NA 8.2 94.7 1648.53947368421 228.713 0.16 NA "79.3"
"379" "2012-06-01" 4282.470215 4466.27002 4131.569824 4427.419922 4427.419922 81582440000 NA 8.2 82.41 1585.11363636364 228.524 0.16 NA "73.2"
"380" "2012-07-01" 4427.330078 4499.879883 4279.390137 4442.240234 4442.240234 73103810000 -540.838 8.2 87.93 1595.63157894737 228.59 0.09 16220.667 "72.3"
"381" "2012-08-01" 4441.910156 4520.149902 4333.939941 4393.459961 4393.459961 70283810000 NA 8.1 94.16 1592.78409090909 229.918 0.14 NA "74.3"
"382" "2012-09-01" 4393.720215 4573.439941 4344.149902 4441.700195 4441.700195 69784280000 NA 7.8 94.72 1625.68181818182 231.015 0.13 NA "78.3"
"383" "2012-10-01" 4451.680176 4580.859863 4377.600098 4432.919922 4432.919922 71752320000 -537.839 7.8 89.57 1741.925 231.638 0.15 16239.138 "82.6"
"384" "2012-11-01" 4432.379883 4499.049805 4176.109863 4383.47998 4383.47998 71489310000 NA 7.7 86.66 1746.34782608696 231.249 0.17 NA "82.7"
"385" "2012-12-01" 4383.799805 4529.25 4325.810059 4442.069824 4442.069824 66388180000 NA 7.9 88.25 1724.35227272727 231.221 0.16 NA "72.9"
"386" "2013-01-01" 4459.899902 4788.77002 4459.899902 4736.529785 4736.529785 75848510000 -516.863 8 94.69 1687.34210526316 231.679 0.09 16382.964 "73.8"
"387" "2013-02-01" 4736.529785 4869.419922 4706.140137 4829.209961 4829.209961 69273480000 NA 7.7 95.32 1671.88636363636 232.937 0.14 NA "77.6"
"388" "2013-03-01" 4829.209961 5056.189941 4776.759766 5036.939941 5036.939941 68527110000 NA 7.5 93.05 1630.6875 232.282 0.14 NA "78.6"
"389" "2013-04-01" 5036.939941 5136.75 4905.160156 5115.720215 5115.720215 7.7098e+10 -508.931 7.6 92.07 1591.0125 231.797 0.16 16403.18 "76.4"
"390" "2013-05-01" 5115.720215 5312.180176 5029.709961 5093.149902 5093.149902 76447250000 NA 7.5 94.8 1485.90476190476 231.893 0.14 NA "84.5"
"391" "2013-06-01" 5095.109863 5183.600098 4863.120117 5034.660156 5034.660156 74946790000 NA 7.5 95.8 1416.14285714286 232.445 0.09 NA "84.1"
"392" "2013-07-01" 5039.470215 5320.879883 4995.879883 5242.640137 5242.640137 68106820000 -496.282 7.3 104.67 1342.7 232.9 0.1 16531.685 "85.1"
"393" "2013-08-01" 5248.439941 5355.839844 4995.370117 5021.609863 5021.609863 64802810000 NA 7.2 106.57 1284.34782608696 233.456 0.08 NA "82.1"
"394" "2013-09-01" 5025.740234 5355.629883 4992.259766 5166.609863 5166.609863 66174410000 NA 7.2 106.29 1345.04761904762 233.544 0.07 NA "77.5"
"395" "2013-10-01" 5168.620117 5446.609863 5034.839844 5363.459961 5363.459961 76647400000 -441.051 7.2 100.54 1348.46428571429 233.669 0.08 16663.649 "73.2"
"396" "2013-11-01" 5369.220215 5547.759766 5336.720215 5504.910156 5504.910156 63628190000 NA 6.9 93.86 1314.40217391304 234.1 0.08 NA "75.1"
"397" "2013-12-01" 5506.140137 5656.220215 5357.290039 5641.549805 5641.549805 64958820000 NA 6.7 97.63 1277.41666666667 234.719 0.07 NA "82.5"
"398" "2014-01-01" 5637.899902 5689.609863 5409.120117 5473.959961 5473.959961 75871910000 -506.318 6.6 94.62 1221.5875 235.288 0.07 16616.54 "81.2"
"399" "2014-02-01" 5473.959961 5664.379883 5309.149902 5626.950195 5626.950195 69725590000 NA 6.7 100.82 1243.06818181818 235.547 0.07 NA "81.6"
"400" "2014-03-01" 5625.350098 5754.120117 5536.430176 5725.850098 5725.850098 71885030000 NA 6.7 100.8 1298.7125 236.028 0.06 NA "80.0"
"401" "2014-04-01" 5726.089844 5836.120117 5575.189941 5806.310059 5806.310059 71595810000 -507.643 6.2 102.07 1336.55952380952 236.468 0.08 16841.475 "84.1"
"402" "2014-05-01" 5806.839844 5933.629883 5726.669922 5915.810059 5915.810059 63623630000 NA 6.3 102.18 1299.175 236.918 0.09 NA "81.9"
"403" "2014-06-01" 5916.370117 6054.839844 5850.100098 6009.939941 6009.939941 63283380000 NA 6.1 105.79 1288.9125 237.231 0.08 NA "82.5"
"404" "2014-07-01" 6011.600098 6132.640137 5870.5 5883.759766 5883.759766 66524690000 -492.266 6.2 103.59 1277.85714285714 237.498 0.1 17047.098 "81.8"
"405" "2014-08-01" 5883.040039 6116.779785 5774.200195 6087.390137 6087.390137 58131140000 NA 6.1 96.54 1312.98913043478 237.46 0.09 NA "82.5"
"406" "2014-09-01" 6087.859863 6210.240234 6007.279785 6063.439941 6063.439941 66705950000 NA 5.9 93.21 1297.005 237.477 0.07 NA "84.6"
"407" "2014-10-01" 6062.259766 6307.47998 5637.589844 6272.189941 6272.189941 93714040000 -524.406 5.7 84.4 1241.32954545455 237.43 0.09 17143.038 "86.9"
"408" "2014-11-01" 6272.709961 6534.259766 6223.75 6456.160156 6456.160156 63600190000 NA 5.8 75.79 1223.5652173913 236.983 0.07 NA "88.8"
"409" "2014-12-01" 6454.47998 6608.660156 6144.870117 6473.600098 6473.600098 80743820000 NA 5.6 59.29 1176.4125 236.252 0.13 NA "93.6"
"410" "2015-01-01" 6480.5 6549.450195 6232.390137 6272.52002 6272.52002 77330040000 -528.778 5.7 47.22 1200.44047619048 234.747 0.06 17305.752 "98.1"
"411" "2015-02-01" 6275.810059 6580.319824 6210.390137 6470.810059 6470.810059 68775560000 NA 5.5 50.58 1249.33333333333 235.342 0.06 NA "95.4"
"412" "2015-03-01" 6470.740234 6541.5 6216.970215 6328.120117 6328.120117 76675850000 NA 5.4 47.82 1231.1 235.976 0.06 NA "93.0"
"413" "2015-04-01" 6322.890137 6478.689941 6237.759766 6308.129883 6308.129883 72060940000 -508.342 5.4 54.45 1180.63636363636 236.222 0.12 17422.845 "95.9"
"414" "2015-05-01" 6314.180176 6470.740234 6243.390137 6279.180176 6279.180176 65187730000 NA 5.6 59.27 1198.2525 237.001 0.13 NA "90.7"
"415" "2015-06-01" 6282.330078 6363.029785 6071.490234 6096.220215 6096.220215 73213980000 NA 5.3 59.82 1197.68421052632 237.657 0.12 NA "96.1"
"416" "2015-07-01" 6101.25 6314.879883 6036.109863 6229.97998 6229.97998 77920590000 -542.67 5.2 50.9 1182.24772727273 238.034 0.13 17486.021 "93.1"
"417" "2015-08-01" 6231.359863 6279.569824 5341.279785 5848.870117 5848.870117 84626790000 NA 5.1 42.87 1131.58043478261 238.033 0.08 NA "91.9"
"418" "2015-09-01" 5845.379883 6055.660156 5662.660156 5812.930176 5812.930176 79989370000 NA 5 45.48 1117.525 237.498 0.14 NA "87.2"
"419" "2015-10-01" 5814.379883 6279.299805 5706.399902 6162.459961 6162.459961 85844900000 -526.494 5 46.22 1124.90454545455 237.733 0.13 17514.062 "90.0"
"420" "2015-11-01" 6165.27002 6271.700195 5978.640137 6139.089844 6139.089844 75943590000 NA 5.1 42.44 1157.12272727273 238.017 0.07 NA "91.3"
"421" "2015-12-01" 6141.149902 6224.649902 5834.029785 5978.339844 5978.339844 83649260000 NA 5 37.19 1088.3880952381 237.761 0.13 NA "92.6"
"422" "2016-01-01" 5965.22998 5965.22998 5323.75 5717.759766 5717.759766 92409770000 -513.898 4.9 31.68 1068.31666666667 237.827 0.2 17613.264 "92"
"423" "2016-02-01" 5710.370117 5970.350098 5487.740234 5838.589844 5838.589844 93049560000 NA 4.9 30.32 1095.655 237.514 0.38 NA "91.7"
"424" "2016-03-01" 5853.430176 6335.47998 5833.959961 6275.600098 6275.600098 92639420000 NA 5 37.55 1194.89285714286 237.99 0.36 NA "91"
"425" "2016-04-01" 6265.029785 6434.220215 6127.330078 6253.290039 6253.290039 81124990000 -492.334 5 40.75 1246.3119047619 238.835 0.37 17668.203 "89"
"426" "2016-05-01" 6259.850098 6327.350098 6042.470215 6248.339844 6248.339844 78883600000 NA 4.8 46.71 1241.45238095238 239.44 0.3 NA "94.7"
"427" "2016-06-01" 6238.089844 6370.549805 5967.060059 6303.439941 6303.439941 86852700000 NA 4.9 48.76 1259.755 240.144 0.37 NA "93.5"
"428" "2016-07-01" 6309.240234 6565.47998 6213.009766 6470.850098 6470.850098 69530250000 -497.713 4.8 44.65 1273.57954545455 240.111 0.41 17764.388 "90"
"429" "2016-08-01" 6469.390137 6512.879883 6351.790039 6397.140137 6397.140137 75610310000 NA 4.9 44.72 1337.42857142857 240.595 0.4 NA "89.8"
"430" "2016-09-01" 6399.27002 6511.850098 6257.509766 6424.870117 6424.870117 77270240000 NA 5 45.18 1340.86136363636 241.068 0.4 NA "91.2"
"431" "2016-10-01" 6414.27002 6448.759766 6274.370117 6400.140137 6400.140137 80339680000 -546.102 4.9 49.78 1326.61818181818 241.641 0.29 17876.179 "87.2"
"432" "2016-11-01" 6405.02002 6805.609863 6285.879883 6719.990234 6719.990234 88299760000 NA 4.7 45.66 1268.92857142857 241.993 0.41 NA "93.8"
"433" "2016-12-01" 6719.700195 7045.97998 6673.830078 6902.450195 6902.450195 75251240000 NA 4.7 51.97 1240.29318181818 242.712 0.41 NA "98.2"
"434" "2017-01-01" 6932.720215 7099.52002 6858.109863 6969.870117 6969.870117 70483180000 -543.562 4.7 52.5 1152.165 243.717 0.55 17977.299 "98.5"
"435" "2017-02-01" 6969.100098 7309.649902 6873.560059 7260.589844 7260.589844 69162420000 NA 4.6 53.47 1192.64761904762 244.028 0.66 NA "96.3"
"436" "2017-03-01" 7293.140137 7390.879883 7023.97998 7155.819824 7155.819824 81547770000 NA 4.4 49.33 1233.39 243.721 0.66 NA "96.9"
"437" "2017-04-01" 7156.609863 7317.319824 7059.77002 7217.27002 7217.27002 65265670000 -559.521 4.4 51.06 1231.06304347826 244.058 0.82 18054.052 "97"
"438" "2017-05-01" 7226.5 7324.290039 7024.720215 7282.220215 7282.220215 79607170000 NA 4.4 48.48 1267.15 243.926 0.91 NA "97.1"
"439" "2017-06-01" 7291.27002 7493.560059 7255.399902 7402.299805 7402.299805 81002490000 NA 4.3 45.18 1245.25 244.179 0.91 NA "95"
"440" "2017-07-01" 7421.52002 7531.970215 7354.5 7457.009766 7457.009766 63169400000 -543.581 4.3 46.63 1261.27727272727 244.328 1.06 18185.636 "93.4"
"441" "2017-08-01" 7475.149902 7598.669922 7373.930176 7525.810059 7525.810059 70616030000 NA 4.4 48.04 1235.1 245.304 1.16 NA "96.8"
"442" "2017-09-01" 7539.140137 7740.819824 7437.310059 7711.120117 7711.120117 66337980000 NA 4.2 49.82 1282.05952380952 246.445 1.16 NA "95.1"
"443" "2017-10-01" 7716.850098 8025.560059 7673.350098 7914.680176 7914.680176 70871570000 -575.47 4.1 51.58 1317.04523809524 246.57 1.06 18359.432 "100.7"
"444" "2017-11-01" 7940.560059 8279.429688 7800.910156 7912.709961 7912.709961 176156220000 NA 4.2 56.64 1280.67727272727 247.333 1.16 NA "98.5"
"445" "2017-12-01" 8236.049805 8408.580078 8081.870117 8310.349609 8310.349609 65251190000 NA 4.1 57.88 1283.18863636364 247.847 1.16 NA "95.9"
"446" "2018-01-01" 8337.530273 8799.540039 8275.879883 8624.769531 8624.769531 76860120000 -589.808 4.1 63.7 1265.67368421053 248.816 1.33 18530.483 "95.7"
"447" "2018-02-01" 8600.540039 8707.459961 7731.75 8228.280273 8228.280273 79579410000 NA 4.1 62.23 1332.80909090909 249.475 1.42 NA "99.7"
"448" "2018-03-01" 8227.480469 8451.299805 7883.290039 8092.529785 8092.529785 76369800000 NA 4 62.73 1333.775 249.413 1.42 NA "101.4"
"449" "2018-04-01" 8086.299805 8391.94043 7853.330078 8134.209961 8134.209961 69648590000 -548.149 4 66.25 1325.5619047619 249.957 1.67 18654.383 "98.8"
"450" "2018-05-01" 8124.189941 8398.370117 7898.169922 8234.530273 8234.530273 75617280000 NA 3.8 69.98 1334.3775 250.64 1.7 NA "98"
"451" "2018-06-01" 8270.94043 8491.19043 8031.350098 8146.049805 8146.049805 77439710000 NA 4 67.87 1303.6119047619 251.176 1.7 NA "98.2"
"452" "2018-07-01" 8118.819824 8619.349609 8063.910156 8547.969727 8547.969727 64542170000 -646.433 3.8 70.98 1282.12619047619 251.482 1.91 18752.355 "97.9"
"453" "2018-08-01" 8551.620117 8808.650391 8408.700195 8707.549805 8707.549805 69238220000 NA 3.8 68.06 1238.06363636364 251.905 1.91 NA "96.2"
"454" "2018-09-01" 8702.629883 8976.009766 8643.44043 8810.240234 8810.240234 62492080000 NA 3.7 70.23 1201.85909090909 252.261 1.91 NA "100.1"
"455" "2018-10-01" 8844.370117 8959.290039 8018.680176 8314.030273 8314.030273 91327930000 -653.448 3.8 70.75 1199.1975 252.777 2.18 18813.923 "98.6"
"456" "2018-11-01" 8328.049805 8706.400391 8100.569824 8545.830078 8545.830078 80080110000 NA 3.7 56.96 1214.72608695652 252.662 2.2 NA "97.5"
"457" "2018-12-01" 8608.660156 8725.919922 7215.629883 7710.439941 7710.439941 113522570000 NA 3.9 49.52 1221.275 252.653 2.2 NA "98.3"
"458" "2019-01-01" 7625.689941 8319.780273 7463.830078 8252.360352 8252.360352 80401630000 -615.543 4 51.38 1249.88684210526 252.55 2.4 18950.347 "91.2"
"459" "2019-02-01" 8256.44043 8703.450195 8203.429688 8567.610352 8567.610352 70183430000 NA 3.8 54.95 1291.62954545455 253.181 2.4 NA "93.8"
"460" "2019-03-01" 8596.580078 8669.969727 8309.120117 8598.459961 8598.459961 78596280000 NA 3.8 58.15 1319.755 254.095 2.4 NA "98.4"
"461" "2019-04-01" 8631.799805 8941.589844 8596.620117 8839.519531 8839.519531 69604840000 -644.744 3.6 63.86 1302.28571428571 254.943 2.41 19020.599 "97.2"
"462" "2019-05-01" 8836.990234 8892.959961 8250.410156 8253.530273 8253.530273 76860120000 NA 3.6 60.83 1287.65 255.167 2.45 NA "100"
"463" "2019-06-01" 8261.219727 8881.650391 8227.110352 8796.830078 8796.830078 70881390000 NA 3.7 54.66 1283.10476190476 255.402 2.4 NA "98.2"
"464" "2019-07-01" 8849.980469 9051.980469 8784.719727 8895.209961 8895.209961 70349470000 -631.838 3.7 57.35 1358.4875 256.087 2.39 19141.744 "98.4"
"465" "2019-08-01" 8895.389648 8964.169922 8414.929688 8751.879883 8751.879883 79599440000 NA 3.7 54.81 1414.61086956522 256.294 2.14 NA "89.8"
"466" "2019-09-01" 8696.379883 9076.929688 8642.30957 8961.150391 8961.150391 73992330000 NA 3.5 56.95 1497.10238095238 256.593 2.13 NA "93.2"
"467" "2019-10-01" 8977.889648 9104.679688 8567.889648 8994.230469 8994.230469 77564550000 -549.757 3.6 53.96 1510.33571428571 257.229 1.88 19253.959 "95.5"
"468" "2019-11-01" 9021.519531 9279.980469 9021.519531 9233.75 9233.75 72179920000 NA 3.5 57.03 1495.09545454545 257.824 1.57 NA "96.8"
"469" "2019-12-01" 9244.480469 9424.580078 9010.429688 9386.480469 9386.480469 7.2054e+10 NA 3.5 59.88 1471.92142857143 258.444 1.56 NA "99.3"
"470" "2020-01-01" 9419.820313 9679.580078 9320.980469 9370.290039 9370.290039 77104420000 -494.307 3.6 57.52 1480.025 258.82 1.55 19010.848 "99.8"
"471" "2020-02-01" 9394.610352 9727.419922 8167.25 8394.629883 8394.629883 165968850000 NA 3.5 50.54 1560.66818181818 259.05 1.59 NA "101"
"472" "2020-03-01" 8445.480469 8903.299805 5973.200195 7221.209961 7221.209961 161801100000 NA 4.4 29.21 1600.42368421053 257.953 1.58 NA "89.1"
"473" "2020-04-01" 6968.089844 8071.709961 6767.879883 7862.52002 7862.52002 123163450000 -536.818 14.7 16.55 1593.76363636364 255.902 0.06 17282.188 "71.8"
"474" "2020-05-01" 7779.839844 8335.820313 7293.370117 8239.599609 8239.599609 106799100000 NA 13.3 28.56 1680.03 255.768 0.05 NA "72.3"
"475" "2020-06-01" 8227.629883 8964.080078 8004.97998 8292.070313 8292.070313 1.31044e+11 NA 11.1 38.31 1715.69736842105 257.214 0.05 NA "78.1"
"476" "2020-07-01" 8341.990234 8782.459961 8212.410156 8701.839844 8701.839844 97197020000 NA 10.2 40.71 1734.03181818182 258.723 0.08 NA "72.5"
"477" "2020-08-01" 8728.469727 9371.219727 8698.700195 9286.55957 9286.55957 84402300000 NA 8.4 42.34 1840.80652173913 NA 0.1 NA NA
"478" "2020-09-01" 9279.740234 9537.040039 9198.099609 9265.280273 9265.280273 13266980000 NA NA NA 1971.17 NA 0.09 NA NA
"479" "2020-09-04" 9294.610352 9346.269531 9094.330078 9238.330078 9238.330078 920372641 NA NA NA NA NA NA NA NA
